in case 3
1.01,1e+06,0.01,0.01
in case 3
1.01,0.0112525,0.01,1.01
in case 3
1.01,1e+06,0.01,0.01
in case 3
1.01,0.00778362,0.01,1.01
in case 3
1.01,0.0114084,0.01,0.01
in case 3
1.01,1e+06,0.01,0.01
in case 3
1.01,0.0112525,0.01,1.01
in case 3
1.01,1e+06,0.01,0.01
in case 3
1.01,0.00778362,0.01,1.01
in case 3
1.01,0.0114084,0.01,0.01
in case 3
1.01,1e+06,0.01,0.01
in case 3
1.01,0.0112525,0.01,1.01
in case 3
1.01,1e+06,0.01,0.01
in case 3
1.01,0.00778362,0.01,1.01
in case 3
1.01,0.0114084,0.01,0.01
in case 3
1.01,1e+06,0.01,0.01
in case 3
1.01,0.0112525,0.01,1.01
in case 3
1.01,1e+06,0.01,0.01
in case 3
1.01,0.00778362,0.01,1.01
in case 3
1.01,0.0114084,0.01,0.01
in case 2
1.01,1e+06,0.01,0.01
in case 3
1.01,1e+06,0.01,0.01
in case 1
in case 1.1
1.01,1e+06,0.01,0.96676
in case 3
1.01,1e+06,0.01,0.01
in case 3
1.01,1e+06,0.01,0.01
in case 3
1.01,1e+06,0.01,0.01
in case 1
in case 1.1
1.01,1e+06,0.01,0.432447
in case 1
in case 1.1
1.01,1e+06,0.01,0.958967
in case 1
in case 1.1
1.01,1e+06,0.01,0.970858
in case 3
1.01,1e+06,0.01,0.01
in case 3
1.01,1e+06,0.01,0.01
in case 3
1.01,0.0112348,0.01,1.01
in case 3
1.01,1e+06,0.01,0.01
in case 3
1.01,0.00777334,0.01,1.01
in case 3
1.01,0.0114043,0.01,0.01
in case 3
1.01,1e+06,0.01,0.01
in case 3
1.01,0.0112348,0.01,1.01
in case 3
1.01,1e+06,0.01,0.01
in case 3
1.01,0.00777334,0.01,1.01
in case 3
1.01,0.0114043,0.01,0.01
in case 2
1.01,1e+06,0.01,0.01
in case 3
1.01,1e+06,0.01,0.01
in case 1
in case 1.1
1.01,1e+06,0.01,0.96654
in case 3
1.01,1e+06,0.01,0.01
in case 3
1.01,1e+06,0.01,0.01
in case 3
1.01,1e+06,0.01,0.01
in case 1
in case 1.1
1.01,1e+06,0.01,0.289313
in case 2
1.01,1e+06,0.01,0.968152
in case 1
in case 1.1
1.01,1e+06,0.01,0.995011
in case 3
1.01,1e+06,0.01,0.01
in case 3
1.01,1e+06,0.01,0.01
in case 3
1.01,0.0112525,0.01,1.01
in case 3
1.01,1e+06,0.01,0.01
in case 3
1.01,0.00778362,0.01,1.01
in case 3
1.01,0.0114084,0.01,0.01
in case 3
1.01,1e+06,0.01,0.01
in case 3
1.01,0.0112525,0.01,1.01
in case 3
1.01,1e+06,0.01,0.01
in case 3
1.01,0.00778362,0.01,1.01
in case 3
1.01,0.0114084,0.01,0.01
in case 3
1.01,1e+06,0.01,0.01
in case 3
1.01,0.0112436,0.01,1.01
in case 3
1.01,1e+06,0.01,0.01
in case 3
1.01,0.00777848,0.01,1.01
in case 3
1.01,0.0114048,0.01,0.01
in case 3
1.01,1e+06,0.01,0.01
in case 3
1.01,0.0112436,0.01,1.01
in case 3
1.01,1e+06,0.01,0.01
in case 3
1.01,0.00777848,0.01,1.01
in case 3
1.01,0.0114048,0.01,0.01
in case 3
1.01,1e+06,0.01,0.01
in case 3
1.01,0.0112525,0.01,1.01
in case 3
1.01,1e+06,0.01,0.01
in case 3
1.01,0.00778362,0.01,1.01
in case 3
1.01,0.0114084,0.01,0.01
in case 3
1.01,1e+06,0.01,0.01
in case 3
1.01,0.0112525,0.01,1.01
in case 3
1.01,1e+06,0.01,0.01
in case 3
1.01,0.00778362,0.01,1.01
in case 3
1.01,0.0114084,0.01,0.01
in case 3
1.01,1e+06,0.01,0.01
in case 3
1.01,0.0112525,0.01,1.01
in case 3
1.01,1e+06,0.01,0.01
in case 3
1.01,0.00778362,0.01,1.01
in case 3
1.01,0.0114084,0.01,0.01
in case 3
1.01,1e+06,0.01,0.01
in case 3
1.01,0.0112525,0.01,1.01
in case 3
1.01,1e+06,0.01,0.01
in case 3
1.01,0.00778362,0.01,1.01
in case 3
1.01,0.0114084,0.01,0.01
in case 1
in case 1.1
1.01,1e+06,0.01,0.01
in case 3
1.01,1e+06,0.01,0.01
in case 2
1.01,1e+06,0.01,0.01
in case 2
1.01,1e+06,0.01,0.344103
in case 3
1.01,1e+06,0.01,0.01
1.01,1e+06,0.01,0.801307
1.01,1e+06,0.01,0.84666
1.01,1e+06,0.01,0.359885
1.01,1e+06,0.01,0.84666
1.01,1e+06,0.01,0.84666
1.01,1e+06,0.01,0.801307
1.01,1e+06,0.01,0.84666
1.01,1e+06,0.01,0.359885
1.01,1e+06,0.01,0.84666
1.01,1e+06,0.01,0.84666
1.01,1e+06,0.01,0.840561
1.01,1e+06,0.01,0.273797
1.01,1e+06,0.01,0.773469
1.01,1e+06,0.01,0.414425
1.01,1e+06,0.01,0.01
1.01,1e+06,0.01,0.801307
1.01,1e+06,0.01,0.84666
1.01,1e+06,0.01,0.359885
1.01,1e+06,0.01,0.84666
1.01,1e+06,0.01,0.84666
1.01,1e+06,0.01,0.801307
1.01,1e+06,0.01,0.84666
1.01,1e+06,0.01,0.359885
1.01,1e+06,0.01,0.84666
1.01,1e+06,0.01,0.84666
